Position	Residue	Start	End	Peptide	Score
4	P	1	7	SSEPALL	1.046
5	A	2	8	SEPALLF	0.995
6	L	3	9	EPALLFR	0.963
7	L	4	10	PALLFRN	0.951
8	F	5	11	ALLFRNI	0.956
9	R	6	12	LLFRNIK	0.981
10	N	7	13	LFRNIKC	0.996
11	I	8	14	FRNIKCN	1.001
12	K	9	15	RNIKCNY	0.996
13	C	10	16	NIKCNYV	0.974
14	N	11	17	IKCNYVF	0.953
15	Y	12	18	KCNYVFN	0.941
16	V	13	19	CNYVFNN	0.945
17	F	14	20	NYVFNNS	0.967
18	N	15	21	YVFNNSL	0.996
19	N	16	22	VFNNSLT	1.022
20	S	17	23	FNNSLTR	1.032
21	L	18	24	NNSLTRQ	1.032
22	T	19	25	NSLTRQL	1.028
23	R	20	26	SLTRQLQ	1.021
